A
000111000
001101100
011000110
110000011
111111111
110000011
110000011
B
111111110
110000011
110000011
111111110
110000011
110000011
111111110
C
01111110
11000011
11000000
11000000
11000000
11000011
01111110
D
111111110
110000011
110000011
110000011
110000011
110000011
111111110
E
11111111
11000000
11000000
11111100
11000000
11000000
11111111
F
11111111
11000000
11000000
11111100
11000000
11000000
11000000
G
011111100
110000110
110000000
110001111
110000110
110000110
011111100
H
110000011
110000011
110000011
111111111
110000011
110000011
110000011
I
1111
0110
0110
0110
0110
0110
1111
J
00000011
00000011
00000011
00000011
11000011
11000011
01111110
K
11000011
11000110
11001100
11111000
11001100
11000110
11000011
L
11000000
11000000
11000000
11000000
11000000
11000000
11111111
M
110000011
111000111
111101111
110111011
110000011
110000011
110000011
N
11000011
11100011
11110011
11011011
11001111
11000111
11000011
O
011111110
110000011
110000011
110000011
110000011
110000011
011111110
P
111111110
110000011
110000011
111111110
110000000
110000000
110000000
Q
011111110
110000011
110000011
110000011
110011011
110000110
011111011
R
111111110
110000011
110000011
111111110
110001100
110000110
110000011
S
01111110
11000011
11000000
01111110
00000011
11000011
01111110
T
11111111
00011000
00011000
00011000
00011000
00011000
00011000
U
110000011
110000011
110000011
110000011
110000011
110000011
011111110
V
110000011
110000011
110000011
110000011
011000110
001101100
000111000
W
1100000011
1100110011
1100110011
1100110011
1100110011
1100110011
0111001110
X
110000011
011000110
001101100
000111000
001101100
011000110
110000011
Y
11000011
01100110
00111100
00011000
00011000
00011000
00011000
Z
11111111
00000110
00001100
00011000
00110000
01100000
11111111
1
001100
111100
001100
001100
001100
001100
111111
2
011111110
110000011
000000011
011111110
110000000
110000000
111111111
3
011111110
110000011
000000011
011111110
000000011
110000011
011111110
4
110000000
110000110
110000110
110000110
111111111
000000110
000000110
5
11111111
11000000
11000000
11111110
00000011
11000011
01111110
6
011111110
110000011
110000000
111111110
110000011
110000011
011111110
7
11111111
11000011
00001100
00011000
00110000
00110000
00110000
8
011111110
110000011
110000011
011111110
110000011
110000011
011111110
9
011111110
110000011
110000011
011111111
000000011
110000011
011111110
0
001111100
011000110
110000011
110000011
110000011
011000110
001111100
.
000
000
000
000
000
111
111
,
0000
0000
0000
1111
1111
0110
1100
!
1111
1111
1111
0110
0000
1111
1111
?
011111110
110000011
000000110
000011100
000110000
000000000
000110000
-
0000000
0000000
0000000
1111111
0000000
0000000
0000000
 
0000000
0000000
0000000
0000000
0000000
0000000
0000000