A
0011100
0111110
1100011
1111111
1100011
B
1111100
1100010
1111110
1100011
1111110
C
00111110
01100001
01100000
01100001
00111110
D
1111100
1100110
1100011
1100011
1111110
E
1111111
1100000
1111100
1100000
1111111
F
1111111
1100000
1111000
1100000
1100000
G
0011110
0110011
1100000
1100011
0111111
H
1100011
1100011
1111111
1100011
1100011
I
11111
01110
01110
01110
11111
J
0000111
0000111
0000111
1100111
0111110
K
110011
110110
111100
110110
110011
L
1100000
1100000
1100000
1100000
1111111
M
11000011
11100111
11011011
11000011
11000011
N
1100011
1110011
1101011
1100111
1100011
O
0111110
1100011
1100011
1100011
0111100
P
1111110
1100011
1111110
1100000
1100000
Q
0111110
1100011
1100011
1100110
0111101
R
1111110
1100011
1111110
1100110
1100011
S
0111110
1100000
0111110
0000011
0111110
T
1111111
0011100
0011100
0011100
0011100
U
1100011
1100011
1100011
1100011
0111110
V
110000011
110000011
011000110
001101100
000111000
W
1100000011
1100000011
1100010011
0110111011
0011000110
X
11000011
01100110
00111100
01100110
11000011
Y
1100011
1100011
0111110
0011100
0011100
Z
11111
00011
00110
01100
11111
1
010
111
011
011
111
2
0111100
1111110
0000111
0111100
1111111
3
1111110
0001111
0011110
0000111
1111110
4
00001100
00011100
01100100
11111111
00011100
5
1111110
1100000
1111110
0001111
1111110
6
0011100
0110000
1111110
1100011
0111110
7
1111111
0000111
0001110
0011100
0111000
8
0111110
1100011
0111110
1100011
0111110
9
0111110
1100011
0111111
0000110
0011100
0
0111110
1100011
1100011
1100011
0111110
.
000
000
000
111
111
,
000
000
000
010
111
110
!
111
111
111
000
111
?
01110
11011
00011
00110
00110
-
00000
00000
11111
00000
00000
 
00000
00000
00000
00000
00000