A
01111
10001
10001
11111
10001
10001
10001
B
11110
10001
10001
11110
10001
10001
11110
C
01110
10001
10000
10000
10000
10001
01110
D
11110
10001
10001
10001
10001
10001
11110
E
11111
10000
10000
11110
10000
10000
11111
F
11111
10000
10000
11110
10000
10000
10000
G
01110
10001
10000
10000
10111
10001
01110
H
10001
10001
10001
11111
10001
10001
10001
I
11111
00100
00100
00100
00100
00100
11111
J
11111
00100
00100
00100
00100
10100
01100
K
10001
10001
10010
11100
10010
10001
10001
L
10000
10000
10000
10000
10000
10001
11111
M
10001
11011
10101
10001
10001
10001
10001
N
10001
10001
11001
10101
10011
10001
10001
O
01110
10001
10001
10001
10001
10001
01110
P
11110
10001
10001
11110
10000
10000
10000
Q
01110
10001
10001
10001
10101
10010
01101
R
11110
10001
10001
11110
11000
10100
10011
S
01110
10001
10000
01110
00001
10001
01110
T
11111
00100
00100
00100
00100
00100
00100
U
10001
10001
10001
10001
10001
10001
01110
V
10001
10001
10001
10001
01010
01010
00100
W
10001
10001
10001
10001
10101
11011
10001
X
10001
01010
00100
00100
00100
01010
10001
Y
10001
10001
10001
10001
01010
00100
00100
Z
11111
00001
00010
00100
01000
10000
11111
1
0001
0011
0101
0001
0001
0001
0001
2
0110
1001
0001
0010
0100
1000
1111
3
0110
1001
0001
0110
0001
1001
0110
4
1001
1001
1001
0111
0001
0001
0001
5
1111
1000
1000
1110
0001
0001
1110
6
0110
1001
1000
1110
1001
1001
0110
7
1111
1001
0001
0001
0001
0001
0001
8
0110
1001
1001
1111
1001
1001
0110
9
0110
1001
1001
0111
0001
1001
0110
0
0110
1001
1001
1001
1001
1001
0110
 
0000
0000
0000
0000
0000
0000
0000
.
0000
0000
0000
0000
0000
0110
0110
,
0000
0000
0000
0000
0000
0110
0010
!
0110
0110
0110
0110
0000
0110
0110